0005 C 10 10 2022 50.00 25 
0010 A 26 11 2022 4.00 50
0013 E 21 10 2022 369.00 10
0017 C 28 07 2022 58.00 13
0011 D 07 02 2022 10.00 30
0012 B 21 11 2022 9.00 38
0022 A 19 09 2022 25.00 35
0023 D 22 10 2022 20.00 50
0001 A 26 11 2022 6.00 19
0006 B 25 11 2022 6.50 40
0007 E 01 05 2021 500.00 30
0025 A 22 10 2022 15.00 30
0002 A 21 11 2022 12.00 38
0004 D 18 11 2022 15.00 21
0003 E 12 10 2022 130.00 10
0019 B 05 08 2021 10.00 21
0020 A 04 11 2022 4.60 40
0008 B 23 11 2022 8.00 20
0018 E 12 12 2021 69.00 24
0009 B 06 03 2021 2.50 30
0021 D 11 04 2022 15.00 24
0014 C 11 12 2022 30.00 23
0015 D 19 08 2022 15.00 25
0024 E 10 04 2022 550.00 30
0016 A 21 09 2022 13.00 20
